PENDULUM LOOPER
RECORDS PENDULUM LOOP ON
1010 BLACKBOX AND PLAYS LOOP



#1
PN 3 0 0; J PN 0 0
L 1 13: PN 3 I J; J + J PN 0 I

#2
X ABS PN.NEXT 0
I2M.N 103 1
DEL X: I2M.N 103 1
DEL + X 50: I2M.N 101 1
DEL + X 80: $ 3
Y + 1 Y

#3
IF <= Y 13: $ 2
ELSE: KILL; M.ACT 1; Y 0; X 0

#4
T + TIME PN 3 PN.MIN 3
A + T 99
L 0 14: $ 5
IF > T PN 3 PN.MAX 3: TIME 0

#5
B PN 1 I; C PN 2 I; D PN 3 I
J RND 120
IF >=< T D A: I2M.N# B C J

#6
 
#7

#8

#M
TR.PULSE 1

#I
M 100
I2M.CH 1; TR.TIME 1
L 0 2: PN.L I 14

#P
14	14	14	15
1	1	1	1
0	0	0	0
63	63	63	63

1000	2	60	0
2000	3	48	1000
-1300	4	60	3000
4000	5	72	1700
-5000	6	67	5700
2500	7	48	700
-3500	8	60	3200
5000	9	36	-300
-2200	10	60	4700
4500	11	75	2500
-2400	12	36	7000
5000	13	60	4600
-3500	14	84	9600
4500	15	72	6100
0	0	0	0
0	0	0	0
0	0	0	0
0	0	0	0
0	0	0	0
0	0	0	0
0	0	0	0
0	0	0	0
0	0	0	0
0	0	0	0
0	0	0	0
0	0	0	0
0	0	0	0
0	0	0	0
0	0	0	0
0	0	0	0
0	0	0	0
0	0	0	0
0	0	0	0
0	0	0	0
0	0	0	0
0	0	0	0
0	0	0	0
0	0	0	0
0	0	0	0
0	0	0	0
0	0	0	0
0	0	0	0
0	0	0	0
0	0	0	0
0	0	0	0
0	0	0	0
0	0	0	0
0	0	0	0
0	0	0	0
0	0	0	0
0	0	0	0
0	0	0	0
0	0	0	0
0	0	0	0
0	0	0	0
0	0	0	0
0	0	0	0
0	0	0	0
0	0	0	0
0	0	0	0
0	0	0	0
0	0	0	0
0	0	0	0
0	0	0	0

#G
0000000000000000
0000000000000000
0000000000000000
0000000000000000
0000000000000000
0000000000000000
0000000000000000
0000000000000000
0000000000000000
0000000000000000
0000000000000000
0000000000000000
0000000000000000
0000000000000000
0000000000000000
0000000000000000

0	0	0	0	0	0	0	0	0	0	0	0	0	0	0	0
0	0	0	0	0	0	0	0	0	0	0	0	0	0	0	0
0	0	0	0	0	0	0	0	0	0	0	0	0	0	0	0
0	0	0	0	0	0	0	0	0	0	0	0	0	0	0	0
